am
tensor([1.3529e-10, 2.7154e-10, 2.1764e-10, 1.1995e-10, 2.0653e-10, 2.9842e-10,
        3.6331e-10, 4.1265e-10, 5.5389e-10, 1.9262e-10, 2.0185e-10, 1.6135e-10],
       device='cuda:0')
tensor([1.9217e-10, 1.4133e-10, 2.1816e-10, 1.2604e-10, 1.7849e-10, 4.5639e-10,
        1.4837e-10, 3.5434e-10, 2.7149e-10, 1.8941e-10, 3.5433e-10, 1.4334e-10],
       device='cuda:0')
tensor([0.0011, 0.0008, 0.0005, 0.0010, 0.0013, 0.0019, 0.0012, 0.0020, 0.0006,
        0.0005, 0.0014, 0.0011], device='cuda:0')
tensor([0.0038, 0.0027, 0.0020, 0.0020, 0.0023, 0.0023, 0.0023, 0.0026, 0.0016,
        0.0007, 0.0009, 0.0036], device='cuda:0')
tensor([2.3885e-09, 1.8700e-09, 2.7924e-09, 2.0714e-09, 3.2076e-09, 6.4271e-09,
        4.2039e-09, 4.4661e-09, 5.9048e-09, 3.4739e-09, 3.9725e-09, 4.8447e-09],
       device='cuda:0')
tensor([0.0141, 0.0079, 0.0077, 0.0094, 0.0051, 0.0067, 0.0055, 0.0023, 0.0027,
        0.0019, 0.0018, 0.0044], device='cuda:0')
tensor([3.2229e-06, 2.6009e-06, 3.1738e-06, 8.1439e-06, 6.8153e-06, 6.3262e-06,
        9.2077e-06, 4.4168e-06, 5.1727e-06, 3.5169e-06, 5.2395e-06, 8.9267e-06],
       device='cuda:0')
tensor([4.6613e-05, 9.4346e-05, 8.9611e-05, 6.0374e-05, 8.9261e-05, 9.3734e-05,
        1.0736e-04, 7.4793e-05, 5.7973e-05, 3.0354e-05, 5.0793e-05, 8.5310e-05],
       device='cuda:0')
tensor([3.0498e-10, 3.7846e-10, 6.0045e-10, 7.3947e-10, 6.0283e-10, 5.4715e-10,
        6.2485e-10, 7.0968e-10, 4.8236e-10, 7.2054e-10, 7.5667e-10, 7.9483e-10],
       device='cuda:0')
tensor([3.4675e-07, 4.2203e-07, 3.7637e-07, 4.4201e-07, 3.6206e-07, 9.2051e-07,
        5.5791e-07, 1.3927e-06, 1.8783e-07, 4.5663e-07, 6.6909e-07, 2.8046e-07],
       device='cuda:0')
tensor([4.8258e-06, 9.0013e-06, 3.6168e-06, 9.6516e-06, 2.6001e-06, 9.7447e-06,
        3.4460e-06, 2.1125e-06, 2.5365e-06, 1.6058e-06, 2.6144e-06, 9.3179e-06],
       device='cuda:0')
tensor([4.8812e-05, 7.1126e-05, 7.8835e-05, 6.2287e-05, 9.3380e-05, 1.1076e-04,
        1.2360e-04, 1.1324e-04, 8.1439e-05, 7.5676e-05, 6.5926e-05, 6.8188e-05],
       device='cuda:0')
tensor([0.0014, 0.0017, 0.0013, 0.0013, 0.0016, 0.0024, 0.0018, 0.0016, 0.0016,
        0.0010, 0.0008, 0.0016], device='cuda:0')
tensor([4.4337e-07, 4.5848e-07, 9.0354e-07, 1.0788e-06, 4.3753e-07, 8.1526e-07,
        8.9231e-07, 8.0072e-07, 8.1115e-07, 1.0756e-06, 1.2461e-06, 6.8856e-07],
       device='cuda:0')
tensor([2.0029e-05, 1.6247e-05, 2.6372e-05, 3.3515e-05, 2.1897e-05, 2.5733e-05,
        2.0163e-05, 3.7411e-05, 2.7412e-05, 1.9939e-05, 1.4833e-05, 7.0311e-05],
       device='cuda:0')
tensor([1.8188e-06, 2.3213e-06, 2.6266e-06, 3.5847e-06, 1.4178e-06, 3.8199e-06,
        2.6301e-06, 2.9560e-06, 1.7718e-06, 1.6891e-06, 4.9049e-06, 2.4616e-06],
       device='cuda:0')
tensor([0.0061, 0.0032, 0.0028, 0.0027, 0.0026, 0.0028, 0.0020, 0.0017, 0.0013,
        0.0007, 0.0009, 0.0015], device='cuda:0')
===================
ar
tensor([4.6476e-10, 4.7292e-10, 6.0261e-10, 1.3114e-09, 1.1931e-09, 3.6927e-09,
        1.5249e-09, 2.2660e-09, 2.9866e-09, 2.2867e-09, 2.5757e-09, 5.6584e-09],
       device='cuda:0')
tensor([4.5493e-09, 3.2260e-09, 2.1659e-08, 1.0927e-08, 7.4436e-08, 1.6148e-07,
        5.5237e-08, 4.7722e-08, 3.3176e-08, 2.6702e-08, 3.5651e-08, 1.8979e-08],
       device='cuda:0')
tensor([0.0007, 0.0006, 0.0005, 0.0009, 0.0005, 0.0007, 0.0005, 0.0012, 0.0006,
        0.0004, 0.0005, 0.0007], device='cuda:0')
tensor([0.0009, 0.0007, 0.0008, 0.0011, 0.0006, 0.0013, 0.0016, 0.0008, 0.0011,
        0.0010, 0.0006, 0.0018], device='cuda:0')
tensor([1.5179e-11, 1.1017e-11, 3.2637e-11, 5.4581e-11, 1.1609e-10, 1.4116e-10,
        1.3832e-10, 6.8802e-11, 5.4941e-11, 6.1191e-11, 8.0537e-11, 5.8942e-11],
       device='cuda:0')
tensor([0.0012, 0.0017, 0.0007, 0.0008, 0.0009, 0.0012, 0.0013, 0.0012, 0.0011,
        0.0006, 0.0004, 0.0007], device='cuda:0')
tensor([8.3684e-08, 2.7864e-08, 4.5008e-08, 5.5329e-08, 5.2817e-08, 6.1554e-08,
        6.8844e-08, 5.5927e-08, 1.3572e-07, 5.5368e-08, 4.9650e-08, 1.2294e-07],
       device='cuda:0')
tensor([6.1244e-05, 4.6272e-05, 9.6611e-05, 1.4891e-04, 1.0655e-04, 1.9941e-04,
        2.0292e-04, 1.6932e-04, 2.1407e-04, 9.8899e-05, 1.0390e-04, 9.5849e-05],
       device='cuda:0')
tensor([6.6294e-10, 8.2334e-10, 1.3170e-09, 1.9691e-09, 1.7761e-09, 3.0380e-09,
        1.8204e-09, 2.7677e-09, 5.4461e-09, 2.1985e-09, 2.7467e-09, 8.2149e-09],
       device='cuda:0')
tensor([5.8682e-11, 8.6937e-11, 1.8668e-10, 2.0445e-10, 1.9078e-10, 2.8085e-10,
        4.4853e-10, 1.0080e-09, 3.8031e-10, 4.5254e-10, 4.8117e-10, 4.1088e-10],
       device='cuda:0')
tensor([1.6402e-08, 9.7074e-09, 1.8397e-08, 2.6805e-08, 1.6380e-08, 4.9489e-08,
        7.0411e-08, 1.2677e-07, 5.7218e-08, 2.5374e-08, 6.2561e-08, 9.1591e-08],
       device='cuda:0')
tensor([9.6344e-08, 1.3428e-07, 2.2894e-07, 2.2430e-07, 2.4218e-07, 6.8675e-07,
        3.6773e-07, 4.2165e-07, 5.6485e-07, 2.0066e-07, 2.4887e-07, 4.1702e-07],
       device='cuda:0')
tensor([3.8730e-06, 1.0437e-06, 1.2680e-06, 1.1369e-06, 1.2410e-06, 3.6644e-06,
        9.7621e-07, 1.0305e-06, 2.9748e-06, 1.1656e-06, 1.9414e-06, 3.6933e-06],
       device='cuda:0')
tensor([1.1386e-08, 1.0800e-08, 2.6991e-08, 3.8585e-08, 2.3040e-08, 7.6449e-08,
        4.9090e-08, 7.5729e-08, 4.2618e-08, 2.1801e-08, 2.0727e-08, 3.3777e-08],
       device='cuda:0')
tensor([6.1109e-05, 3.1452e-05, 4.7766e-05, 3.5275e-05, 2.6859e-05, 4.7055e-05,
        3.1036e-05, 5.7089e-05, 3.5000e-05, 1.6782e-05, 1.9479e-05, 1.7535e-05],
       device='cuda:0')
tensor([2.3824e-07, 2.2100e-07, 7.1639e-07, 4.5848e-07, 8.6150e-07, 2.8373e-06,
        5.9945e-07, 1.3463e-06, 8.7375e-07, 4.6031e-07, 1.4197e-06, 7.4185e-07],
       device='cuda:0')
tensor([0.0034, 0.0027, 0.0020, 0.0017, 0.0015, 0.0019, 0.0012, 0.0013, 0.0011,
        0.0007, 0.0005, 0.0013], device='cuda:0')
===================
